2 8 826 4 56
15.500000 12.100000 0.200000 0.262941 0.192353 0.239412 0 0 1 1 1
12.600000 7.500000 0.200000 0.085882 0.117255 0.078039 0 0 4 1 1
9.900000 6.500000 0.200000 0.102941 0.040196 0.110784 0 0 3 1 1
9.500000 8.400000 0.200000 0.176961 0.118137 0.098529 0 0 3 0 1
14.500000 15.500000 0.200000 0.334902 0.381961 0.472157 0 0 2 0 1
10.900000 14.500000 0.200000 0.371961 0.324902 0.324902 7 8 1 0 1
10.500000 12.300000 0.200000 0.324902 0.379804 0.387647 7 2 4 0 1
10.500000 13.400000 0.200000 0.253922 0.312745 0.430392 7 0 4 0 1
6.500000 15.500000 0.200000 0.603922 0.674510 0.611765 0 0 2 0 1
4.500000 14.500000 0.200000 0.752941 0.729412 0.674510 0 0 1 0 1
2.500000 14.500000 0.200000 0.603922 0.682353 0.741176 0 0 1 0 1
0 0 0 0 0 0 0 0 0 0 0
5
2 0 11.500000 13.500000
1 0 8.500000 12.500000
3 1 11.500000 12.500000
4 0 17.500000 5.500000
2 0 14.500000 5.500000
